2.05385 -0.0547754 1000020030 271
2.05678 -0.0547754 1000020030 271
2.05385 -0.0520874 1000020030 271
2.05678 -0.0520874 1000020030 271
1.6825 -0.492889 211 270
1.68543 -0.492889 211 270
1.6825 -0.490201 211 270
1.68543 -0.490201 211 270
1.23247 0.0323865 211 269
1.03656 0.000204906 211 268
0.596496 -1.06181 211 267
0.59942 -1.06181 211 267
0.596496 -1.05912 211 267
0.59942 -1.05912 211 267
0.44591 -1.14347 211 266
0.44591 -1.14078 211 266
0.432021 -0.64045 1000020030 265
0.432021 -0.637762 1000020030 265
0.434945 -0.637762 1000020030 265
0.432021 -0.635074 1000020030 265
0.244154 -1.08216 211 264
0.244154 -1.07947 211 264
-0.305558 -1.23771 211 263
-0.305558 -1.23502 211 263
-0.37281 0.00690913 1000020030 262
-0.369886 0.00690913 1000020030 262
-0.366962 0.00690913 1000020030 262
-0.37281 0.00959713 1000020030 262
-0.369886 0.00959713 1000020030 262
-0.366962 0.00959713 1000020030 262
-0.739285 0.157662 211 261
-0.742209 0.16035 211 261
-0.739285 0.16035 211 261
-0.983926 -0.0132037 211 260
-1.11843 -0.105761 1000020030 259
-1.11551 -0.105761 1000020030 259
-1.11258 -0.105761 1000020030 259
-1.11843 -0.103073 1000020030 259
-1.11551 -0.103073 1000020030 259
-1.11258 -0.103073 1000020030 259
-1.67603 -0.916378 1000020030 258
-1.67311 -0.916378 1000020030 258
-1.67603 -0.91369 1000020030 258
-1.67311 -0.91369 1000020030 258
-1.67018 -0.91369 1000020030 258
-1.67603 -0.911002 1000020030 258
-1.67311 -0.911002 1000020030 258
-1.80288 -0.881209 211 257
-1.79995 -0.881209 211 257
-1.80288 -0.878521 211 257
-2.16496 -0.64045 211 256
-2.16204 -0.64045 211 256
2.1635 -2.4653 211 255
2.1635 -2.46262 211 255
2.09625 -1.79401 211 254
1.97734 -1.38084 1000020030 253
1.97734 -1.37815 1000020030 253
1.98026 -1.37815 1000020030 253
1.78631 -1.44433 211 252
1.38744 -2.46711 211 251
1.34065 -1.5746 211 250
1.34065 -1.57192 211 250
0.799714 -1.70405 211 249
0.799714 -1.70137 211 249
0.473688 -1.27777 1000020030 248
0.476612 -1.27777 1000020030 248
0.470764 -1.27509 1000020030 248
0.473688 -1.27509 1000020030 248
0.476612 -1.27509 1000020030 248
0.479536 -1.27509 1000020030 248
0.470764 -1.2724 1000020030 248
0.473688 -1.2724 1000020030 248
0.476612 -1.2724 1000020030 248
0.479536 -1.2724 1000020030 248
0.473688 -1.26971 1000020030 248
0.476612 -1.26971 1000020030 248
0.100878 -1.38278 211 247
0.08772 -1.26641 211 246
0.090644 -1.26641 211 246
0.08772 -1.26373 211 246
0.090644 -1.26373 211 246
0.068714 -2.28046 1000020030 245
0.071638 -2.28046 1000020030 245
0.074562 -2.28046 1000020030 245
0.068714 -2.27777 1000020030 245
0.071638 -2.27777 1000020030 245
0.074562 -2.27777 1000020030 245
-0.181915 -1.60051 1000020030 244
-0.178991 -1.60051 1000020030 244
-0.184839 -1.59782 1000020030 244
-0.181915 -1.59782 1000020030 244
-0.178991 -1.59782 1000020030 244
-0.181915 -1.59513 1000020030 244
-0.178991 -1.59513 1000020030 244
-0.200294 -1.65585 211 243
-0.220762 -1.27351 211 242
-0.261698 -1.05987 211 241
-0.415208 -1.50076 211 240
-0.412284 -1.50076 211 240
-0.415208 -1.85171 211 239
-0.412284 -1.85171 211 239
-0.464916 -2.17127 1000020030 238
-0.461992 -2.17127 1000020030 238
-0.464916 -2.16858 1000020030 238
-0.461992 -2.16858 1000020030 238
-0.464916 -2.1659 1000020030 238
-0.461992 -2.1659 1000020030 238
-0.573104 -2.01233 211 237
-0.57018 -2.01233 211 237
-0.613553 -1.4938 211 236
-0.610629 -1.4938 211 236
-0.610629 -1.49111 211 236
-0.891333 -2.04463 211 235
-0.888409 -2.04463 211 235
-0.888409 -2.04194 211 235
-0.89913 -2.05582 211 234
-0.959072 -1.59135 211 233
-0.956148 -1.59135 211 233
-0.963458 -2.29447 211 232
-0.963458 -2.29178 211 232
-1.14182 -2.08783 211 231
-1.14182 -2.08514 211 231
-1.25391 -1.17981 211 230
-1.25098 -1.17981 211 230
-1.25098 -1.17712 211 230
-1.32896 -1.51274 211 229
-1.34065 -2.21608 211 228
-1.92118 -1.6904 1000020030 227
-1.91825 -1.6904 1000020030 227
-1.91533 -1.6904 1000020030 227
-1.92118 -1.68771 1000020030 227
-1.91825 -1.68771 1000020030 227
-1.91533 -1.68771 1000020030 227
-1.92118 -1.68502 1000020030 227
-1.91825 -1.68502 1000020030 227
-1.95483 -1.91189 1000020030 226
-1.95191 -1.91189 1000020030 226
-1.95776 -1.90921 1000020030 226
-1.95483 -1.90921 1000020030 226
-1.95191 -1.90921 1000020030 226
-1.94899 -1.90921 1000020030 226
-1.95776 -1.90652 1000020030 226
-1.95483 -1.90652 1000020030 226
-1.95191 -1.90652 1000020030 226
-1.95483 -1.90383 1000020030 226
-1.95191 -1.90383 1000020030 226
-2.22929 -1.82277 211 225
-2.22637 -1.82277 211 225
3.43788 -3.04706 1000010020 223
3.43495 -3.04438 1000010020 223
3.43788 -3.04438 1000010020 223
3.4408 -3.04438 1000010020 223
3.43495 -3.04169 1000010020 223
3.43788 -3.04169 1000010020 223
2.23806 -3.21702 1000020030 222
2.24099 -3.21702 1000020030 222
2.23806 -3.21434 1000020030 222
2.24099 -3.21434 1000020030 222
2.16253 -3.00544 211 221
2.1596 -3.00275 211 221
2.16253 -3.00275 211 221
1.4313 -2.71974 211 220
1.4313 -2.71706 211 220
1.15449 -2.33257 211 219
1.15742 -2.33257 211 219
1.15449 -2.32988 211 219
0.86989 -3.31126 211 218
0.695912 -3.30931 211 217
0.698836 -3.30931 211 217
0.695912 -3.30663 211 217
0.698836 -3.30663 211 217
0.671058 -2.91368 211 216
0.671058 -2.91099 211 216
0.283628 -2.79828 1000020030 215
0.286552 -2.79828 1000020030 215
0.283628 -2.79559 1000020030 215
0.286552 -2.79559 1000020030 215
0.283628 -2.7929 1000020030 215
0.286552 -2.7929 1000020030 215
0.16813 -3.56315 211 214
0.030702 -3.13608 211 213
-0.0731 -2.6739 211 212
-0.070176 -2.6739 211 212
-0.0731 -2.67121 211 212
-0.070176 -2.67121 211 212
-0.27778 -3.61473 211 211
-0.274856 -3.61473 211 211
-0.27778 -3.61204 211 211
-0.274856 -3.61204 211 211
-0.326026 -2.80167 211 210
-0.352342 -3.91525 1000020030 209
-0.514624 -3.05861 211 208
-0.5117 -3.05861 211 208
-0.912288 -2.38702 211 207
-0.909364 -2.38702 211 207
-0.912288 -2.38433 211 207
-0.909364 -2.38433 211 207
-1.07165 -3.98123 211 206
-1.25732 -3.04221 1000020030 205
-1.2544 -3.04221 1000020030 205
-1.25732 -3.03953 1000020030 205
-1.2544 -3.03953 1000020030 205
-1.89011 -2.92246 211 204
-1.88718 -2.92246 211 204
-2.01145 -3.71009 211 203
-2.00853 -3.71009 211 203
-2.00561 -3.71009 211 203
-2.01145 -3.7074 211 203
-2.00853 -3.7074 211 203
-2.00561 -3.7074 211 203
-2.00853 -3.70472 211 203
-2.048 -2.31642 211 202
-2.04508 -2.31642 211 202
-2.07432 -3.04221 211 201
-2.0714 -3.04221 211 201
-2.07432 -3.03953 211 201
-2.0714 -3.03953 211 201
2.11526 -3.98364 211 200
2.11818 -3.98364 211 200
2.08017 -4.25459 211 199
2.08309 -4.25459 211 199
1.82334 -4.26812 211 198
1.82042 -4.26543 211 198
1.82334 -4.26543 211 198
1.29874 -3.79759 211 197
1.30167 -3.79759 211 197
1.30167 -3.7949 211 197
0.27366 -4.1496 1000020030 196
0.276584 -4.1496 1000020030 196
0.279508 -4.1496 1000020030 196
0.27366 -4.14691 1000020030 196
0.276584 -4.14691 1000020030 196
0.279508 -4.14691 1000020030 196
0.27366 -4.14422 1000020030 196
0.276584 -4.14422 1000020030 196
0.279508 -4.14422 1000020030 196
0.276584 -4.14154 1000020030 196
0.279508 -4.14154 1000020030 196
0.239768 -4.7692 211 195
0.242692 -4.7692 211 195
0.239768 -4.76651 211 195
0.242692 -4.76651 211 195
-0.013158 -4.6482 211 194
-0.28509 -3.98549 211 193
-0.28509 -3.9828 211 193
-0.303469 -3.3726 1000020030 192
-0.300545 -3.3726 1000020030 192
-0.303469 -3.36991 1000020030 192
-0.300545 -3.36991 1000020030 192
-0.297621 -3.36991 1000020030 192
-0.303469 -3.36723 1000020030 192
-0.300545 -3.36723 1000020030 192
-0.31433 -3.49398 211 191
-0.888896 -3.78168 1000020030 190
-0.885972 -3.78168 1000020030 190
-0.888896 -3.779 1000020030 190
-0.885972 -3.779 1000020030 190
-0.888896 -3.77631 1000020030 190
-0.885972 -3.77631 1000020030 190
-0.916674 -3.40278 211 189
-0.911801 -3.87997 211 188
-0.914725 -3.87728 211 188
-0.911801 -3.87728 211 188
-1.05703 -4.40484 1000020030 187
-1.0541 -4.40484 1000020030 187
-1.05118 -4.40484 1000020030 187
-1.05703 -4.40215 1000020030 187
-1.0541 -4.40215 1000020030 187
-1.05118 -4.40215 1000020030 187
-1.0541 -4.39946 1000020030 187
-1.27633 -4.33037 1000020030 186
-1.27048 -4.33037 1000020030 186
-1.27633 -4.32768 1000020030 186
-1.27048 -4.32768 1000020030 186
-1.27633 -4.32499 1000020030 186
-1.27048 -4.32499 1000020030 186
-1.27633 -4.3223 1000020030 186
-1.27048 -4.3223 1000020030 186
-1.66204 -4.49571 211 185
-1.65911 -4.49571 211 185
-1.66204 -4.49303 211 185
-1.65911 -4.49303 211 185
-1.97637 -3.63095 211 184
-2.0904 -4.77383 211 183
-2.0904 -4.77114 211 183
2.1674 -5.46245 211 182
2.1674 -5.45977 211 182
2.17032 -5.45977 211 182
2.0368 -5.13556 211 181
2.03387 -5.13288 211 181
2.0368 -5.13288 211 181
1.97673 -5.39012 1000020030 180
1.97966 -5.39012 1000020030 180
1.97381 -5.38743 1000020030 180
1.97673 -5.38743 1000020030 180
1.97966 -5.38743 1000020030 180
1.97381 -5.38474 1000020030 180
1.97673 -5.38474 1000020030 180
1.97966 -5.38474 1000020030 180
1.29533 -5.18388 211 179
1.29826 -5.18388 211 179
1.29533 -5.18119 211 179
1.29826 -5.18119 211 179
1.25293 -5.07419 211 178
1.25293 -5.0715 211 178
1.06287 -5.88217 211 177
0.6579 -6.62102 211 176
0.660824 -6.62102 211 176
0.6579 -6.61833 211 176
0.660824 -6.61833 211 176
0.59942 -6.38797 211 175
0.602344 -6.38797 211 175
0.59942 -6.38528 211 175
0.602344 -6.38528 211 175
0.497567 -5.07866 211 174
0.500491 -5.07866 211 174
0.500491 -5.07597 211 174
0.341133 -5.18655 1000020030 173
0.344057 -5.18655 1000020030 173
0.338209 -5.18386 1000020030 173
0.341133 -5.18386 1000020030 173
0.344057 -5.18386 1000020030 173
0.341133 -5.18118 1000020030 173
0.282166 -5.84475 211 172
0.282166 -5.84207 211 172
0.171054 -5.30725 211 171
0.171054 -5.30456 211 171
-0.0555561 -6.32978 211 170
-0.0526321 -6.32978 211 170
-0.510238 -4.6405 211 169
-0.510238 -4.63781 211 169
-0.81872 -4.70096 211 168
-0.815796 -4.70096 211 168
-0.81872 -4.69827 211 168
-0.815796 -4.69827 211 168
-1.52997 -6.24049 211 167
-1.52704 -6.24049 211 167
-1.52704 -6.2378 211 167
-1.54508 -5.38415 211 166
-1.54215 -5.38415 211 166
-1.54508 -5.38146 211 166
-1.54215 -5.38146 211 166
-1.74245 -5.6938 211 165
-1.74245 -5.69111 211 165
-1.85648 -6.38797 211 164
-1.85648 -6.38528 211 164
-2.16789 -4.71025 211 163
-2.16496 -4.71025 211 163
-2.16789 -4.70757 211 163
-2.16496 -4.70757 211 163
1.31434 -5.86436 211 161
1.31434 -5.86167 211 161
0.948838 -5.96315 211 160
0.948838 -5.96046 211 160
0.8772 -6.44746 211 159
0.880124 -6.44746 211 159
0.8772 -6.44477 211 159
0.880124 -6.44477 211 159
0.618426 -6.49692 211 158
0.618426 -6.49423 211 158
0.59942 -6.20525 211 157
0.602344 -6.20525 211 157
0.567256 -5.71101 211 156
0.57018 -5.71101 211 156
0.567256 -5.70832 211 156
0.57018 -5.70832 211 156
-0.200294 -5.8723 1000020030 155
-0.203218 -5.86962 1000020030 155
-0.200294 -5.86962 1000020030 155
-0.19737 -5.86962 1000020030 155
-0.200294 -5.86693 1000020030 155
-0.542768 -5.90174 1000020030 154
-0.539843 -5.90174 1000020030 154
-0.53692 -5.90174 1000020030 154
-0.542768 -5.89905 1000020030 154
-0.539843 -5.89905 1000020030 154
-0.53692 -5.89905 1000020030 154
-0.542768 -5.89637 1000020030 154
-0.539843 -5.89637 1000020030 154
-0.812872 -6.17569 211 153
-0.809948 -6.17569 211 153
-0.812872 -6.173 211 153
-0.809948 -6.173 211 153
-0.821644 -7.72837 211 152
-0.81872 -7.72837 211 152
-0.821644 -7.72568 211 152
-0.81872 -7.72568 211 152
-0.84796 -7.23058 211 151
-0.845036 -7.23058 211 151
-1.22662 -6.44524 211 150
-1.43422 -5.85962 211 149
-1.58016 -7.43324 211 148
-1.57724 -7.43324 211 148
-2.14986 -5.77849 211 147
-2.15278 -5.7758 211 147
-2.14986 -5.7758 211 147
2.63865 6.92577 211 146
2.64158 6.92577 211 146
1.98221 6.87174 211 145
1.98221 6.87443 211 145
1.87061 6.94329 1000020030 144
1.86769 6.94597 1000020030 144
1.87061 6.94597 1000020030 144
1.87354 6.94597 1000020030 144
1.86769 6.94866 1000020030 144
1.87061 6.94866 1000020030 144
1.5173 6.81967 211 143
1.45908 6.87857 1000020030 142
1.462 6.87857 1000020030 142
1.45908 6.88126 1000020030 142
1.462 6.88126 1000020030 142
1.06872 6.82661 1000020030 141
1.07165 6.82661 1000020030 141
1.07457 6.82661 1000020030 141
1.06872 6.8293 1000020030 141
1.07165 6.8293 1000020030 141
1.07457 6.8293 1000020030 141
0.936167 -7.0278 211 140
0.939091 -7.0278 211 140
0.939091 -7.02511 211 140
0.84065 6.84233 1000020030 139
0.837726 6.84502 1000020030 139
0.84065 6.84502 1000020030 139
0.843574 6.84502 1000020030 139
0.837726 6.84771 1000020030 139
0.84065 6.84771 1000020030 139
0.843574 6.84771 1000020030 139
0.669109 6.89981 211 138
0.669109 6.9025 211 138
0.672033 6.9025 211 138
0.5848 6.80416 211 137
0.587724 6.80416 211 137
0.5848 6.80684 211 137
0.587724 6.80684 211 137
0.180313 6.8199 1000020030 136
0.183237 6.8199 1000020030 136
0.177389 6.82259 1000020030 136
0.180313 6.82259 1000020030 136
0.183237 6.82259 1000020030 136
0.180313 6.82528 1000020030 136
0.0720035 6.8145 1000020030 135
0.0749275 6.8145 1000020030 135
0.0690795 6.81718 1000020030 135
0.0720035 6.81718 1000020030 135
0.0749275 6.81718 1000020030 135
0.0690795 6.81987 1000020030 135
0.0720035 6.81987 1000020030 135
0.0749275 6.81987 1000020030 135
-0.122808 6.82514 211 134
-0.119884 6.82514 211 134
-0.195421 6.96245 211 133
-0.198345 6.96514 211 133
-0.195421 6.96514 211 133
-0.268521 6.80178 211 132
-0.271445 6.80447 211 132
-0.268521 6.80447 211 132
-0.301659 6.81551 211 131
-0.301659 6.81819 211 131
-0.298735 6.81819 211 131
-0.334798 6.99761 211 130
-1.53046 6.82257 211 129
-1.52753 6.82257 211 129
-1.53046 6.82525 211 129
-1.52753 6.82525 211 129
-1.81262 6.86305 211 128
-1.81262 6.86573 211 128
-1.85356 6.80249 211 127
-2.2483 6.90856 211 126
-2.36331 6.94891 211 125
-2.36038 6.94891 211 125
-2.36038 6.95159 211 125
2.35502 5.55051 211 124
2.35795 5.55051 211 124
2.35502 5.55319 211 124
2.35795 5.55319 211 124
2.2907 6.01057 211 123
2.29362 6.01057 211 123
2.1328 5.54665 211 122
2.13572 5.54665 211 122
2.1328 5.54933 211 122
2.13572 5.54933 211 122
2.08163 5.89948 211 121
1.9598 5.58518 211 120
1.96272 5.58518 211 120
1.9598 5.58787 211 120
1.8711 5.54836 211 119
1.72393 5.54868 211 118
1.721 5.55137 211 118
1.72393 5.55137 211 118
1.68884 5.90104 211 117
1.68592 5.90373 211 117
1.68884 5.90373 211 117
1.26755 5.66078 1000020030 116
1.27048 5.66078 1000020030 116
1.2734 5.66078 1000020030 116
1.26755 5.66347 1000020030 116
1.27048 5.66347 1000020030 116
1.2734 5.66347 1000020030 116
1.1696 5.69253 211 115
1.17252 5.69253 211 115
0.667647 5.54865 1000020030 114
0.670571 5.54865 1000020030 114
0.667647 5.55134 1000020030 114
0.670571 5.55134 1000020030 114
0.673495 5.55134 1000020030 114
0.670571 5.55403 1000020030 114
0.66521 5.55315 1000020030 113
0.671058 5.55315 1000020030 113
0.39474 5.6589 211 112
0.397664 5.6589 211 112
0.0248539 5.56515 211 111
-0.52632 5.58996 211 110
-0.523396 5.58996 211 110
-0.912775 5.70682 211 109
-0.912775 5.70951 211 109
-0.909851 5.70951 211 109
-1.00147 5.55527 211 108
-1.07603 5.71893 211 107
-1.07311 5.71893 211 107
-1.07603 5.72162 211 107
-1.07311 5.72162 211 107
-1.27145 5.63031 211 106
-1.26853 5.63031 211 106
-1.26853 5.633 211 106
-1.54946 5.81478 211 105
-1.87695 5.54623 211 104
-1.87695 5.54891 211 104
-1.93397 5.5461 211 103
-1.93104 5.5461 211 103
-1.93397 5.54878 211 103
-1.93104 5.54878 211 103
-2.03192 5.97601 211 102
2.18689 4.67355 211 101
2.18689 4.67624 211 101
2.09235 4.5484 211 100
2.09528 4.5484 211 100
2.09528 4.55109 211 100
2.03046 4.59595 211 99
2.03338 4.59595 211 99
1.88865 4.38278 211 98
1.88865 4.38546 211 98
1.68981 4.81528 211 97
1.68981 4.81797 211 97
1.35966 4.39896 211 96
1.36258 4.39896 211 96
1.35966 4.40165 211 96
1.36258 4.40165 211 96
1.0541 4.60505 211 95
1.0541 4.60773 211 95
0.609654 4.2477 211 94
0.609654 4.25038 211 94
0.479536 4.25591 1000020030 93
0.48246 4.25591 1000020030 93
0.479536 4.2586 1000020030 93
0.48246 4.2586 1000020030 93
0.450296 4.2419 211 92
0.45322 4.2419 211 92
0.450296 4.24459 211 92
0.45322 4.24459 211 92
0.278267 4.23015 211 91
0.281191 4.23015 211 91
0.281191 4.23283 211 91
0.10965 4.22733 211 90
-0.502051 4.52713 211 89
-0.499127 4.52713 211 89
-0.502051 4.52982 211 89
-0.499127 4.52982 211 89
-0.496203 4.52982 211 89
-0.612578 4.56371 211 88
-0.612578 4.5664 211 88
-0.652052 4.69635 211 87
-0.649128 4.69635 211 87
-0.652052 4.69904 211 87
-0.649128 4.69904 211 87
-0.70907 4.54778 211 86
-1.22662 4.75384 211 85
-1.22662 4.75653 211 85
-1.46346 4.22722 211 84
-1.51827 4.25678 1000020030 83
-1.51535 4.25678 1000020030 83
-1.51535 4.25947 1000020030 83
-1.68397 4.34016 211 82
2.50122 2.9199 211 80
2.50415 2.9199 211 80
1.7405 3.23563 211 79
1.74342 3.23563 211 79
1.7405 3.23832 211 79
1.73514 3.29915 211 78
1.73806 3.29915 211 78
1.52168 2.8787 211 77
1.52461 2.8787 211 77
1.52168 2.88139 211 77
1.52461 2.88139 211 77
0.432265 3.00282 211 76
0.432265 3.00551 211 76
0.435189 3.00551 211 76
0.24123 3.67626 211 75
0.235382 3.26096 211 74
0.235382 3.26365 211 74
0.0940553 3.62389 211 73
0.0969793 3.62389 211 73
0.0969793 3.62658 211 73
-0.032164 3.06445 211 72
-0.02924 3.06445 211 72
-0.099416 2.9115 211 71
-0.096492 2.9115 211 71
-0.359165 3.24804 211 70
-0.356241 3.24804 211 70
-0.356241 3.25073 211 70
-0.391816 2.86454 1000020030 69
-0.388892 2.86454 1000020030 69
-0.391816 2.86722 1000020030 69
-0.388892 2.86722 1000020030 69
-0.391816 2.86991 1000020030 69
-0.388892 2.86991 1000020030 69
-0.429828 3.24033 1000020030 68
-0.426904 3.24033 1000020030 68
-0.429828 3.24302 1000020030 68
-0.426904 3.24302 1000020030 68
-0.429828 3.24571 1000020030 68
-0.426904 3.24571 1000020030 68
-0.496593 2.86718 211 67
-0.493669 2.86718 211 67
-0.493669 2.86987 211 67
-0.578952 3.12054 211 66
-0.576028 3.12054 211 66
-0.586262 3.46086 211 65
-0.586262 3.46355 211 65
-0.618426 3.55817 1000020030 64
-0.615502 3.55817 1000020030 64
-0.612578 3.55817 1000020030 64
-0.618426 3.56086 1000020030 64
-0.615502 3.56086 1000020030 64
-0.612578 3.56086 1000020030 64
-0.812872 2.9329 211 63
-0.809948 2.9329 211 63
-0.812872 2.93559 211 63
-0.809948 2.93559 211 63
-1.01414 3.3017 211 62
-1.01122 3.3017 211 62
-1.01122 3.30439 211 62
-1.25293 3.61911 211 61
-1.25293 3.6218 211 61
-1.40986 3.57857 211 60
-1.40986 3.58126 211 60
-1.40693 3.58126 211 60
-1.57724 2.95048 211 59
-1.57432 2.95048 211 59
-1.60599 3.1565 211 58
-1.60892 3.15919 211 58
-1.60599 3.15919 211 58
-2.26146 2.86931 211 57
-2.25853 2.86931 211 57
2.37988 1.90703 1000020030 56
2.3828 1.90703 1000020030 56
2.38573 1.90703 1000020030 56
2.37988 1.90972 1000020030 56
2.3828 1.90972 1000020030 56
2.38573 1.90972 1000020030 56
2.37111 1.86348 211 55
2.37111 1.86617 211 55
2.07481 2.02068 211 54
2.07188 2.02336 211 54
2.07481 2.02336 211 54
2.0329 1.51623 211 53
2.0329 1.51891 211 53
2.03582 1.51891 211 53
1.92227 2.16781 1000010020 52
1.9252 2.16781 1000010020 52
1.92227 2.1705 1000010020 52
1.9252 2.1705 1000010020 52
1.92227 2.17319 1000010020 52
1.9252 2.17319 1000010020 52
1.33627 1.99017 1000020030 51
1.33919 1.99017 1000020030 51
1.33334 1.99286 1000020030 51
1.33627 1.99286 1000020030 51
1.33919 1.99286 1000020030 51
1.34212 1.99286 1000020030 51
1.33334 1.99554 1000020030 51
1.33627 1.99554 1000020030 51
1.33919 1.99554 1000020030 51
1.34212 1.99554 1000020030 51
1.33334 1.99823 1000020030 51
1.33627 1.99823 1000020030 51
1.33919 1.99823 1000020030 51
1.34212 1.99823 1000020030 51
1.31872 2.49558 211 50
1.32165 2.49558 211 50
1.22516 1.62658 211 49
1.22808 1.62658 211 49
1.17252 2.42421 211 48
1.17545 2.42421 211 48
1.10381 1.93315 1000020030 47
1.10673 1.93315 1000020030 47
1.10966 1.93315 1000020030 47
1.10381 1.93584 1000020030 47
1.10673 1.93584 1000020030 47
1.10966 1.93584 1000020030 47
1.10381 1.93853 1000020030 47
1.10673 1.93853 1000020030 47
1.10966 1.93853 1000020030 47
0.975154 1.74382 211 46
0.900592 2.15101 211 45
0.903516 2.15101 211 45
0.900592 2.1537 211 45
0.903516 2.1537 211 45
0.801176 2.11137 1000020030 44
0.8041 2.11137 1000020030 44
0.798252 2.11405 1000020030 44
0.801176 2.11405 1000020030 44
0.8041 2.11405 1000020030 44
0.807024 2.11405 1000020030 44
0.798252 2.11674 1000020030 44
0.801176 2.11674 1000020030 44
0.8041 2.11674 1000020030 44
0.807024 2.11674 1000020030 44
0.801176 2.11943 1000020030 44
0.8041 2.11943 1000020030 44
0.72369 1.52896 211 43
0.63597 2.02342 211 42
0.207604 1.54204 211 41
0.210528 1.54204 211 41
0.207604 1.54473 211 41
0.210528 1.54473 211 41
-0.336747 2.45913 1000020030 40
-0.333823 2.45913 1000020030 40
-0.336747 2.46182 1000020030 40
-0.41667 1.5175 211 39
-0.41667 1.52018 211 39
-0.426904 2.46619 211 38
-0.42398 2.46619 211 38
-0.654976 1.58896 211 37
-0.652052 1.58896 211 37
-0.654976 1.59164 211 37
-0.652052 1.59164 211 37
-0.747082 2.29992 211 36
-0.747082 2.3026 211 36
-1.2734 1.83204 211 35
-1.2734 1.83472 211 35
-1.27377 2.0523 1000020030 34
-1.27084 2.0523 1000020030 34
-1.26792 2.0523 1000020030 34
-1.27377 2.05499 1000020030 34
-1.27084 2.05499 1000020030 34
-1.26792 2.05499 1000020030 34
-1.27377 2.05768 1000020030 34
-1.27084 2.05768 1000020030 34
-1.32311 2.16669 211 33
-1.32311 2.16937 211 33
-1.90765 1.83204 211 32
-1.90473 1.83204 211 32
-1.90765 1.83472 211 32
-1.90473 1.83472 211 32
-1.94713 2.47017 211 31
-1.94713 2.47286 211 31
-1.99099 1.93218 211 30
-1.99099 1.93486 211 30
-2.30239 2.21806 211 29
-2.29947 2.21806 211 29
-2.34284 1.6212 211 28
-2.34576 1.62389 211 28
-2.34284 1.62389 211 28
2.11818 1.1125 211 25
2.1211 1.1125 211 25
2.11818 1.11518 211 25
2.1211 1.11518 211 25
1.88865 1.01431 211 24
1.88865 1.017 211 24
1.75609 1.30873 211 23
1.75317 1.31142 211 23
1.75609 1.31142 211 23
1.64449 0.22692 211 22
1.64742 0.22692 211 22
1.64449 0.229608 211 22
1.64742 0.229608 211 22
1.47662 0.647408 211 21
1.47954 0.647408 211 21
1.47662 0.650096 211 21
1.47954 0.650096 211 21
1.18861 0.300947 211 20
1.18861 0.303635 211 20
1.03071 1.25246 211 19
1.03656 1.25246 211 19
1.03071 1.25515 211 19
1.03656 1.25515 211 19
0.720766 0.440916 211 18
0.720766 0.443604 211 18
0.634508 0.953748 211 17
0.637432 0.953748 211 17
0.627198 1.32573 211 16
0.332849 0.994035 211 15
0.335773 0.994035 211 15
0.332849 0.996723 211 15
0.278876 0.837593 1000020030 14
0.2818 0.837593 1000020030 14
0.278876 0.840281 1000020030 14
0.2818 0.840281 1000020030 14
0.284724 0.840281 1000020030 14
0.278876 0.842969 1000020030 14
0.2818 0.842969 1000020030 14
0.284724 0.842969 1000020030 14
0.184699 0.670296 211 13
0.187623 0.670296 211 13
0.187623 0.672984 211 13
0.132555 1.13378 1000020030 12
0.135479 1.13378 1000020030 12
0.132555 1.13647 1000020030 12
0.135479 1.13647 1000020030 12
0.138403 1.13647 1000020030 12
0.135479 1.13915 1000020030 12
-0.359652 1.30962 211 11
-0.356728 1.30962 211 11
-0.842989 0.509222 1000020030 10
-0.840065 0.509222 1000020030 10
-0.845913 0.51191 1000020030 10
-0.842989 0.51191 1000020030 10
-0.840065 0.51191 1000020030 10
-0.845913 0.514598 1000020030 10
-0.842989 0.514598 1000020030 10
-0.840065 0.514598 1000020030 10
-0.842989 0.517286 1000020030 10
-0.840065 0.517286 1000020030 10
-0.856732 0.182163 211 9
-0.853808 0.182163 211 9
-0.856732 0.184851 211 9
-0.853808 0.184851 211 9
-0.893282 0.318935 211 8
-0.893282 0.321623 211 8
-0.973692 1.22485 211 7
-0.970768 1.22485 211 7
-1.04825 1.01307 211 6
-1.14328 0.721007 211 5
-1.14036 0.721007 211 5
-1.33627 0.820532 211 4
-1.33334 0.820532 211 4
-1.64742 0.420508 1000020030 3
-1.64449 0.420508 1000020030 3
-1.64742 0.423196 1000020030 3
-1.64449 0.423196 1000020030 3
-1.73806 1.11122 211 2
-1.73514 1.11122 211 2
-1.80239 0.909752 1000020030 1
-1.79946 0.909752 1000020030 1
-1.80239 0.91244 1000020030 1
-1.79946 0.91244 1000020030 1
-1.80239 0.915128 1000020030 1
-1.79946 0.915128 1000020030 1
-2.16643 0.634638 211 0
