267	215	50	849	47	46	1	0.001500	1
267	215	50	270	264	214	48	0.003000	1
267	215	50	270	264	214	48	0.004500	1
267	215	50	267	267	215	50	0.006000	1
267	215	50	267	267	215	50	0.007500	1
267	215	50	267	267	215	50	0.009000	1
267	215	50	267	267	215	50	0.010500	1
267	215	50	267	267	215	50	0.012000	1
267	215	50	267	267	215	50	0.013500	1
267	215	50	267	267	215	50	0.015000	1
267	215	50	267	267	215	50	0.016500	1
267	215	50	267	267	215	50	0.018000	1
267	215	50	267	267	215	50	0.019500	1
267	215	50	267	267	215	50	0.021000	1
267	215	50	267	267	215	50	0.022500	1
267	215	50	267	267	215	50	0.024000	1
267	215	50	267	267	215	50	0.025500	1
267	215	50	267	267	215	50	0.027000	1
267	215	50	267	267	215	50	0.028500	1
267	215	50	267	267	215	50	0.030000	1
267	215	50	267	267	215	50	0.031500	1
267	215	50	267	267	215	50	0.033000	1
267	215	50	267	267	215	50	0.034500	1
267	215	50	267	267	215	50	0.036000	1
267	215	50	267	267	215	50	0.037500	1
267	215	50	267	267	215	50	0.039000	1
267	215	50	267	267	215	50	0.040500	1
267	215	50	267	267	215	50	0.042000	1
267	215	50	267	267	215	50	0.043500	1
267	215	50	267	267	215	50	0.045000	1
267	215	50	267	267	215	50	0.046500	1
267	215	50	267	267	215	50	0.048000	1
267	215	50	267	267	215	50	0.049500	1
267	215	50	267	267	215	50	0.051000	1
267	215	50	267	267	215	50	0.052500	1
267	215	50	267	267	215	50	0.054000	1
267	215	50	267	267	215	50	0.055500	1
267	215	50	267	267	215	50	0.057000	1
267	215	50	267	267	215	50	0.058500	1
267	215	50	267	267	215	50	0.060000	1
267	215	50	267	267	215	50	0.061500	1
267	215	50	267	267	215	50	0.063000	1
267	215	50	267	267	215	50	0.064500	1
267	215	50	267	267	215	50	0.066000	1
267	215	50	267	267	215	50	0.067500	1
267	215	50	267	267	215	50	0.069000	1
267	215	50	267	267	215	50	0.070500	1
267	215	50	267	267	215	50	0.072000	1
267	215	50	267	267	215	50	0.073500	1
267	215	50	267	267	215	50	0.075000	1
267	215	50	267	267	215	50	0.076500	1
267	215	50	267	267	215	50	0.078000	1
267	215	50	267	267	215	50	0.079500	1
267	215	50	267	267	215	50	0.081000	1
267	215	50	267	267	215	50	0.082500	1
267	215	50	267	267	215	50	0.084000	1
267	215	50	267	267	215	50	0.085500	1
267	215	50	267	267	215	50	0.087000	1
267	215	50	267	267	215	50	0.088500	1
267	215	50	267	267	215	50	0.090000	1
267	215	50	267	267	215	50	0.091500	1
267	215	50	267	267	215	50	0.093000	1
267	215	50	267	267	215	50	0.094500	1
267	215	50	267	267	215	50	0.096000	1
267	215	50	267	267	215	50	0.097500	1
267	215	50	267	267	215	50	0.099000	1
267	215	50	267	267	215	50	0.100500	1
267	215	50	267	267	215	50	0.102000	1
267	215	50	267	267	215	50	0.103500	1
267	215	50	267	267	215	50	0.105000	1
267	215	50	267	267	215	50	0.106500	1
267	215	50	267	267	215	50	0.108000	1
267	215	50	267	267	215	50	0.109500	1
267	215	50	267	267	215	50	0.111000	1
267	215	50	267	267	215	50	0.112500	1
267	215	50	267	267	215	50	0.114000	1
267	215	50	267	267	215	50	0.115500	1
267	215	50	267	267	215	50	0.117000	1
267	215	50	267	267	215	50	0.118500	1
267	215	50	267	267	215	50	0.120000	1
267	215	50	267	267	215	50	0.121500	1
267	215	50	267	267	215	50	0.123000	1
267	215	50	267	267	215	50	0.124500	1
267	215	50	267	267	215	50	0.126000	1
267	215	50	267	267	215	50	0.127500	1
267	215	50	267	267	215	50	0.129000	1
267	215	50	267	267	215	50	0.130500	1
267	215	50	267	267	215	50	0.132000	1
267	215	50	267	267	215	50	0.133500	1
267	215	50	267	267	215	50	0.135000	1
267	215	50	267	267	215	50	0.136500	1
267	215	50	267	267	215	50	0.138000	1
267	215	50	267	267	215	50	0.139500	1
267	215	50	267	267	215	50	0.141000	1
267	215	50	267	267	215	50	0.142500	1
267	215	50	267	267	215	50	0.144000	1
267	215	50	267	267	215	50	0.145500	1
267	215	50	267	267	215	50	0.147000	1
267	215	50	267	267	215	50	0.148500	1
267	215	50	267	267	215	50	0.150000	1
267	215	50	267	267	215	50	0.151500	1
267	215	50	267	267	215	50	0.153000	1
267	215	50	267	267	215	50	0.154500	1
267	215	50	267	267	215	50	0.156000	1
267	215	50	267	267	215	50	0.157500	1
267	215	50	267	267	215	50	0.159000	1
267	215	50	267	267	215	50	0.160500	1
267	215	50	267	267	215	50	0.162000	1
267	215	50	267	267	215	50	0.163500	1
267	215	50	267	267	215	50	0.165000	1
267	215	50	267	267	215	50	0.166500	1
267	215	50	267	267	215	50	0.168000	1
267	215	50	267	267	215	50	0.169500	1
267	215	50	267	267	215	50	0.171000	1
267	215	50	267	267	215	50	0.172500	1
267	215	50	267	267	215	50	0.174000	1
267	215	50	267	267	215	50	0.175500	1
267	215	50	267	267	215	50	0.177000	1
267	215	50	267	267	215	50	0.178500	1
267	215	50	267	267	215	50	0.180000	1
267	215	50	267	267	215	50	0.181500	1
267	215	50	267	267	215	50	0.183000	1
267	215	50	267	267	215	50	0.184500	1
267	215	50	267	267	215	50	0.186000	1
267	215	50	267	267	215	50	0.187500	1
267	215	50	267	267	215	50	0.189000	1
267	215	50	267	267	215	50	0.190500	1
267	215	50	267	267	215	50	0.192000	1
267	215	50	267	267	215	50	0.193500	1
267	215	50	267	267	215	50	0.195000	1
267	215	50	267	267	215	50	0.196500	1
267	215	50	267	267	215	50	0.198000	1
267	215	50	267	267	215	50	0.199500	1
267	215	50	267	267	215	50	0.201000	1
267	215	50	267	267	215	50	0.202500	1
267	215	50	267	267	215	50	0.204000	1
267	215	50	267	267	215	50	0.205500	1
267	215	50	267	267	215	50	0.207000	1
267	215	50	267	267	215	50	0.208500	1
267	215	50	267	267	215	50	0.210000	1
267	215	50	267	267	215	50	0.211500	1
267	215	50	267	267	215	50	0.213000	1
267	215	50	267	267	215	50	0.214500	1
267	215	50	267	267	215	50	0.216000	1
267	215	50	267	267	215	50	0.217500	1
267	215	50	267	267	215	50	0.219000	1
267	215	50	267	267	215	50	0.220500	1
267	215	50	267	267	215	50	0.222000	1
267	215	50	267	267	215	50	0.223500	1
267	215	50	267	267	215	50	0.225000	1
267	215	50	267	267	215	50	0.226500	1
267	215	50	267	267	215	50	0.228000	1
267	215	50	267	267	215	50	0.229500	1
267	215	50	267	267	215	50	0.231000	1
267	215	50	267	267	215	50	0.232500	1
267	215	50	267	267	215	50	0.234000	1
267	215	50	267	267	215	50	0.235500	1
267	215	50	267	267	215	50	0.237000	1
267	215	50	267	267	215	50	0.238500	1
267	215	50	267	267	215	50	0.240000	1
267	215	50	267	267	215	50	0.241500	1
267	215	50	267	267	215	50	0.243000	1
267	215	50	267	267	215	50	0.244500	1
267	215	50	267	267	215	50	0.246000	1
267	215	50	267	267	215	50	0.247500	1
267	215	50	267	267	215	50	0.249000	1
267	215	50	267	267	215	50	0.250500	1
267	215	50	267	267	215	50	0.252000	1
267	215	50	267	267	215	50	0.253500	1
267	215	50	267	267	215	50	0.255000	1
267	215	50	267	267	215	50	0.256500	1
267	215	50	267	267	215	50	0.258000	1
267	215	50	267	267	215	50	0.259500	1
267	215	50	267	267	215	50	0.261000	1
267	215	50	267	267	215	50	0.262500	1
267	215	50	267	267	215	50	0.264000	1
267	215	50	267	267	215	50	0.265500	1
267	215	50	267	267	215	50	0.267000	1
267	215	50	267	267	215	50	0.268500	1
267	215	50	267	267	215	50	0.270000	1
267	215	50	267	267	215	50	0.271500	1
267	215	50	267	267	215	50	0.273000	1
267	215	50	267	267	215	50	0.274500	1
267	215	50	267	267	215	50	0.276000	1
267	215	50	267	267	215	50	0.277500	1
267	215	50	267	267	215	50	0.279000	1
267	215	50	267	267	215	50	0.280500	1
267	215	50	267	267	215	50	0.282000	1
267	215	50	267	267	215	50	0.283500	1
267	215	50	267	267	215	50	0.285000	1
267	215	50	267	267	215	50	0.286500	1
267	215	50	267	267	215	50	0.288000	1
267	215	50	267	267	215	50	0.289500	1
267	215	50	267	267	215	50	0.291000	1
267	215	50	267	267	215	50	0.292500	1
267	215	50	267	267	215	50	0.294000	1
267	215	50	267	267	215	50	0.295500	1
267	215	50	267	267	215	50	0.297000	1
267	215	50	267	267	215	50	0.298500	1
267	215	50	267	267	215	50	0.300000	1
267	215	50	267	267	215	50	0.301500	1
267	215	50	267	267	215	50	0.303000	1
267	215	50	267	267	215	50	0.304500	1
267	215	50	267	267	215	50	0.306000	1
267	215	50	267	267	215	50	0.307500	1
267	215	50	267	267	215	50	0.309000	1
267	215	50	267	267	215	50	0.310500	1
267	215	50	267	267	215	50	0.312000	1
267	215	50	267	267	215	50	0.313500	1
267	215	50	267	267	215	50	0.315000	1
267	215	50	267	267	215	50	0.316500	1
267	215	50	267	267	215	50	0.318000	1
267	215	50	267	267	215	50	0.319500	1
267	215	50	267	267	215	50	0.321000	1
267	215	50	267	267	215	50	0.322500	1
267	215	50	267	267	215	50	0.324000	1
267	215	50	267	267	215	50	0.325500	1
267	215	50	267	267	215	50	0.327000	1
267	215	50	267	267	215	50	0.328500	1
267	215	50	267	267	215	50	0.330000	1
267	215	50	267	267	215	50	0.331500	1
267	215	50	267	267	215	50	0.333000	1
267	215	50	267	267	215	50	0.334500	1
267	215	50	267	267	215	50	0.336000	1
267	215	50	267	267	215	50	0.337500	1
267	215	50	267	267	215	50	0.339000	1
267	215	50	267	267	215	50	0.340500	1
267	215	50	267	267	215	50	0.342000	1
267	215	50	267	267	215	50	0.343500	1
267	215	50	267	267	215	50	0.345000	1
267	215	50	267	267	215	50	0.346500	1
267	215	50	267	267	215	50	0.348000	1
267	215	50	267	267	215	50	0.349500	1
267	215	50	267	267	215	50	0.351000	1
267	215	50	267	267	215	50	0.352500	1
267	215	50	267	267	215	50	0.354000	1
267	215	50	267	267	215	50	0.355500	1
267	215	50	267	267	215	50	0.357000	1
267	215	50	267	267	215	50	0.358500	1
267	215	50	267	267	215	50	0.360000	1
267	215	50	267	267	215	50	0.361500	1
267	215	50	267	267	215	50	0.363000	1
267	215	50	267	267	215	50	0.364500	1
267	215	50	267	267	215	50	0.366000	1
267	215	50	267	267	215	50	0.367500	1
267	215	50	267	267	215	50	0.369000	1
267	215	50	267	267	215	50	0.370500	1
267	215	50	267	267	215	50	0.372000	1
267	215	50	267	267	215	50	0.373500	1
267	215	50	267	267	215	50	0.375000	1
267	215	50	267	267	215	50	0.376500	1
267	215	50	267	267	215	50	0.378000	1
267	215	50	267	267	215	50	0.379500	1
267	215	50	267	267	215	50	0.381000	1
267	215	50	267	267	215	50	0.382500	1
267	215	50	267	267	215	50	0.384000	1
267	215	50	267	267	215	50	0.385500	1
267	215	50	267	267	215	50	0.387000	1
267	215	50	267	267	215	50	0.388500	1
267	215	50	267	267	215	50	0.390000	1
267	215	50	267	267	215	50	0.391500	1
267	215	50	267	267	215	50	0.393000	1
267	215	50	267	267	215	50	0.394500	1
267	215	50	267	267	215	50	0.396000	1
267	215	50	267	267	215	50	0.397500	1
267	215	50	267	267	215	50	0.399000	1
267	215	50	267	267	215	50	0.400500	1
267	215	50	267	267	215	50	0.402000	1
267	215	50	267	267	215	50	0.403500	1
267	215	50	267	267	215	50	0.405000	1
267	215	50	267	267	215	50	0.406500	1
267	215	50	267	267	215	50	0.408000	1
267	215	50	267	267	215	50	0.409500	1
267	215	50	267	267	215	50	0.411000	1
267	215	50	267	267	215	50	0.412500	1
267	215	50	267	267	215	50	0.414000	1
267	215	50	267	267	215	50	0.415500	1
267	215	50	267	267	215	50	0.417000	1
267	215	50	267	267	215	50	0.418500	1
267	215	50	267	267	215	50	0.420000	1
267	215	50	267	267	215	50	0.421500	1
267	215	50	267	267	215	50	0.423000	1
267	215	50	267	267	215	50	0.424500	1
267	215	50	267	267	215	50	0.426000	1
267	215	50	267	267	215	50	0.427500	1
267	215	50	267	267	215	50	0.429000	1
267	215	50	267	267	215	50	0.430500	1
267	215	50	267	267	215	50	0.432000	1
267	215	50	267	267	215	50	0.433500	1
267	215	50	267	267	215	50	0.435000	1
267	215	50	267	267	215	50	0.436500	1
267	215	50	267	267	215	50	0.438000	1
267	215	50	267	267	215	50	0.439500	1
267	215	50	267	267	215	50	0.441000	1
267	215	50	267	267	215	50	0.442500	1
267	215	50	267	267	215	50	0.444000	1
267	215	50	267	267	215	50	0.445500	1
267	215	50	267	267	215	50	0.447000	1
267	215	50	267	267	215	50	0.448500	1
267	215	50	267	267	215	50	0.450000	1
267	215	50	267	267	215	50	0.451500	1
267	215	50	267	267	215	50	0.453000	1
267	215	50	267	267	215	50	0.454500	1
267	215	50	267	267	215	50	0.456000	1
267	215	50	267	267	215	50	0.457500	1
267	215	50	267	267	215	50	0.459000	1
267	215	50	267	267	215	50	0.460500	1
267	215	50	267	267	215	50	0.462000	1
267	215	50	267	267	215	50	0.463500	1
267	215	50	267	267	215	50	0.465000	1
267	215	50	267	267	215	50	0.466500	1
267	215	50	267	267	215	50	0.468000	1
267	215	50	267	267	215	50	0.469500	1
267	215	50	267	267	215	50	0.471000	1
267	215	50	267	267	215	50	0.472500	1
267	215	50	267	267	215	50	0.474000	1
267	215	50	267	267	215	50	0.475500	1
267	215	50	267	267	215	50	0.477000	1
267	215	50	267	267	215	50	0.478500	1
267	215	50	267	267	215	50	0.480000	1
267	215	50	267	267	215	50	0.481500	1
267	215	50	267	267	215	50	0.483000	1
267	215	50	267	267	215	50	0.484500	1
267	215	50	267	267	215	50	0.486000	1
267	215	50	267	267	215	50	0.487500	1
267	215	50	267	267	215	50	0.489000	1
267	215	50	267	267	215	50	0.490500	1
267	215	50	267	267	215	50	0.492000	1
267	215	50	267	267	215	50	0.493500	1
267	215	50	267	267	215	50	0.495000	1
267	215	50	267	267	215	50	0.496500	1
267	215	50	267	267	215	50	0.498000	1
267	215	50	267	267	215	50	0.499500	1
267	215	50	267	267	215	50	0.501000	1
267	215	50	267	267	215	50	0.502500	1
267	215	50	267	267	215	50	0.504000	1
267	215	50	267	267	215	50	0.505500	1
267	215	50	267	267	215	50	0.507000	1
267	215	50	267	267	215	50	0.508500	1
267	215	50	267	267	215	50	0.510000	1
267	215	50	267	267	215	50	0.511500	1
267	215	50	267	267	215	50	0.513000	1
267	215	50	267	267	215	50	0.514500	1
267	215	50	267	267	215	50	0.516000	1
267	215	50	267	267	215	50	0.517500	1
267	215	50	267	267	215	50	0.519000	1
267	215	50	267	267	215	50	0.520500	1
267	215	50	267	267	215	50	0.522000	1
267	215	50	267	267	215	50	0.523500	1
267	215	50	267	267	215	50	0.525000	1
267	215	50	267	267	215	50	0.526500	1
267	215	50	267	267	215	50	0.528000	1
267	215	50	267	267	215	50	0.529500	1
267	215	50	267	267	215	50	0.531000	1
267	215	50	267	267	215	50	0.532500	1
267	215	50	267	267	215	50	0.534000	1
267	215	50	267	267	215	50	0.535500	1
267	215	50	267	267	215	50	0.537000	1
267	215	50	267	267	215	50	0.538500	1
267	215	50	267	267	215	50	0.540000	1
267	215	50	267	267	215	50	0.541500	1
267	215	50	267	267	215	50	0.543000	1
267	215	50	267	267	215	50	0.544500	1
267	215	50	267	267	215	50	0.546000	1
267	215	50	267	267	215	50	0.547500	1
267	215	50	267	267	215	50	0.549000	1
267	215	50	267	267	215	50	0.550500	1
267	215	50	267	267	215	50	0.552000	1
267	215	50	267	267	215	50	0.553500	1
267	215	50	267	267	215	50	0.555000	1
267	215	50	267	267	215	50	0.556500	1
267	215	50	267	267	215	50	0.558000	1
267	215	50	267	267	215	50	0.559500	1
267	215	50	267	267	215	50	0.561000	1
267	215	50	267	267	215	50	0.562500	1
267	215	50	267	267	215	50	0.564000	1
267	215	50	267	267	215	50	0.565500	1
267	215	50	267	267	215	50	0.567000	1
267	215	50	267	267	215	50	0.568500	1
267	215	50	267	267	215	50	0.570000	1
267	215	50	267	267	215	50	0.571500	1
267	215	50	267	267	215	50	0.573000	1
267	215	50	267	267	215	50	0.574500	1
267	215	50	267	267	215	50	0.576000	1
267	215	50	267	267	215	50	0.577500	1
267	215	50	267	267	215	50	0.579000	1
267	215	50	267	267	215	50	0.580500	1
267	215	50	267	267	215	50	0.582000	1
267	215	50	267	267	215	50	0.583500	1
267	215	50	267	267	215	50	0.585000	1
267	215	50	267	267	215	50	0.586500	1
267	215	50	267	267	215	50	0.588000	1
267	215	50	267	267	215	50	0.589500	1
267	215	50	267	267	215	50	0.591000	1
267	215	50	267	267	215	50	0.592500	1
267	215	50	267	267	215	50	0.594000	1
267	215	50	267	267	215	50	0.595500	1
267	215	50	267	267	215	50	0.597000	1
267	215	50	267	267	215	50	0.598500	1
267	215	50	267	267	215	50	0.600000	1
267	215	50	267	267	215	50	0.601500	1
267	215	50	267	267	215	50	0.603000	1
267	215	50	267	267	215	50	0.604500	1
267	215	50	267	267	215	50	0.606000	1
267	215	50	267	267	215	50	0.607500	1
267	215	50	267	267	215	50	0.609000	1
267	215	50	267	267	215	50	0.610500	1
267	215	50	267	267	215	50	0.612000	1
267	215	50	267	267	215	50	0.613500	1
267	215	50	267	267	215	50	0.615000	1
267	215	50	267	267	215	50	0.616500	1
267	215	50	267	267	215	50	0.618000	1
267	215	50	267	267	215	50	0.619500	1
267	215	50	267	267	215	50	0.621000	1
267	215	50	267	267	215	50	0.622500	1
267	215	50	267	267	215	50	0.624000	1
267	215	50	267	267	215	50	0.625500	1
267	215	50	267	267	215	50	0.627000	1
267	215	50	267	267	215	50	0.628500	1
267	215	50	267	267	215	50	0.630000	1
267	215	50	267	267	215	50	0.631500	1
267	215	50	267	267	215	50	0.633000	1
267	215	50	267	267	215	50	0.634500	1
267	215	50	267	267	215	50	0.636000	1
267	215	50	267	267	215	50	0.637500	1
267	215	50	267	267	215	50	0.639000	1
267	215	50	267	267	215	50	0.640500	1
267	215	50	267	267	215	50	0.642000	1
267	215	50	267	267	215	50	0.643500	1
267	215	50	267	267	215	50	0.645000	1
267	215	50	267	267	215	50	0.646500	1
267	215	50	267	267	215	50	0.648000	1
267	215	50	267	267	215	50	0.649500	1
267	215	50	267	267	215	50	0.651000	1
267	215	50	267	267	215	50	0.652500	1
267	215	50	267	267	215	50	0.654000	1
267	215	50	267	267	215	50	0.655500	1
267	215	50	267	267	215	50	0.657000	1
267	215	50	267	267	215	50	0.658500	1
267	215	50	267	267	215	50	0.660000	1
267	215	50	267	267	215	50	0.661500	1
267	215	50	267	267	215	50	0.663000	1
267	215	50	267	267	215	50	0.664500	1
267	215	50	267	267	215	50	0.666000	1
267	215	50	267	267	215	50	0.667500	1
267	215	50	267	267	215	50	0.669000	1
267	215	50	267	267	215	50	0.670500	1
267	215	50	267	267	215	50	0.672000	1
267	215	50	267	267	215	50	0.673500	1
267	215	50	267	267	215	50	0.675000	1
267	215	50	267	267	215	50	0.676500	1
267	215	50	267	267	215	50	0.678000	1
267	215	50	267	267	215	50	0.679500	1
267	215	50	267	267	215	50	0.681000	1
267	215	50	267	267	215	50	0.682500	1
267	215	50	267	267	215	50	0.684000	1
267	215	50	267	267	215	50	0.685500	1
267	215	50	267	267	215	50	0.687000	1
267	215	50	267	267	215	50	0.688500	1
267	215	50	267	267	215	50	0.690000	1
267	215	50	267	267	215	50	0.691500	1
267	215	50	267	267	215	50	0.693000	1
267	215	50	267	267	215	50	0.694500	1
267	215	50	267	267	215	50	0.696000	1
267	215	50	267	267	215	50	0.697500	1
267	215	50	267	267	215	50	0.699000	1
267	215	50	267	267	215	50	0.700500	1
267	215	50	267	267	215	50	0.702000	1
267	215	50	267	267	215	50	0.703500	1
267	215	50	267	267	215	50	0.705000	1
267	215	50	267	267	215	50	0.706500	1
267	215	50	267	267	215	50	0.708000	1
267	215	50	267	267	215	50	0.709500	1
267	215	50	267	267	215	50	0.711000	1
267	215	50	267	267	215	50	0.712500	1
267	215	50	267	267	215	50	0.714000	1
267	215	50	267	267	215	50	0.715500	1
267	215	50	267	267	215	50	0.717000	1
267	215	50	267	267	215	50	0.718500	1
267	215	50	267	267	215	50	0.720000	1
267	215	50	267	267	215	50	0.721500	1
267	215	50	267	267	215	50	0.723000	1
267	215	50	267	267	215	50	0.724500	1
267	215	50	267	267	215	50	0.726000	1
267	215	50	267	267	215	50	0.727500	1
267	215	50	267	267	215	50	0.729000	1
267	215	50	267	267	215	50	0.730500	1
267	215	50	267	267	215	50	0.732000	1
267	215	50	267	267	215	50	0.733500	1
267	215	50	267	267	215	50	0.735000	1
267	215	50	267	267	215	50	0.736500	1
267	215	50	267	267	215	50	0.738000	1
267	215	50	267	267	215	50	0.739500	1
267	215	50	267	267	215	50	0.741000	1
267	215	50	267	267	215	50	0.742500	1
267	215	50	267	267	215	50	0.744000	1
267	215	50	267	267	215	50	0.745500	1
267	215	50	267	267	215	50	0.747000	1
267	215	50	267	267	215	50	0.748500	1
267	215	50	267	267	215	50	0.750000	1
267	215	50	267	267	215	50	0.751500	1
267	215	50	267	267	215	50	0.753000	1
267	215	50	267	267	215	50	0.754500	1
267	215	50	267	267	215	50	0.756000	1
267	215	50	267	267	215	50	0.757500	1
267	215	50	267	267	215	50	0.759000	1
267	215	50	267	267	215	50	0.760500	1
267	215	50	267	267	215	50	0.762000	1
267	215	50	267	267	215	50	0.763500	1
267	215	50	267	267	215	50	0.765000	1
267	215	50	267	267	215	50	0.766500	1
267	215	50	267	267	215	50	0.768000	1
267	215	50	267	267	215	50	0.769500	1
267	215	50	267	267	215	50	0.771000	1
267	215	50	267	267	215	50	0.772500	1
267	215	50	267	267	215	50	0.774000	1
267	215	50	267	267	215	50	0.775500	1
267	215	50	267	267	215	50	0.777000	1
267	215	50	267	267	215	50	0.778500	1
267	215	50	267	267	215	50	0.780000	1
267	215	50	267	267	215	50	0.781500	1
267	215	50	267	267	215	50	0.783000	1
267	215	50	267	267	215	50	0.784500	1
267	215	50	267	267	215	50	0.786000	1
267	215	50	267	267	215	50	0.787500	1
267	215	50	267	267	215	50	0.789000	1
267	215	50	267	267	215	50	0.790500	1
267	215	50	267	267	215	50	0.792000	1
267	215	50	267	267	215	50	0.793500	1
267	215	50	267	267	215	50	0.795000	1
267	215	50	267	267	215	50	0.796500	1
267	215	50	267	267	215	50	0.798000	1
267	215	50	267	267	215	50	0.799500	1
267	215	50	267	267	215	50	0.801000	1
267	215	50	267	267	215	50	0.802500	1
267	215	50	267	267	215	50	0.804000	1
267	215	50	267	267	215	50	0.805500	1
267	215	50	267	267	215	50	0.807000	1
267	215	50	267	267	215	50	0.808500	1
267	215	50	267	267	215	50	0.810000	1
267	215	50	267	267	215	50	0.811500	1
267	215	50	267	267	215	50	0.813000	1
267	215	50	267	267	215	50	0.814500	1
267	215	50	267	267	215	50	0.816000	1
267	215	50	267	267	215	50	0.817500	1
267	215	50	267	267	215	50	0.819000	1
267	215	50	267	267	215	50	0.820500	1
267	215	50	267	267	215	50	0.822000	1
267	215	50	267	267	215	50	0.823500	1
267	215	50	267	267	215	50	0.825000	1
267	215	50	267	267	215	50	0.826500	1
267	215	50	267	267	215	50	0.828000	1
267	215	50	267	267	215	50	0.829500	1
267	215	50	267	267	215	50	0.831000	1
267	215	50	267	267	215	50	0.832500	1
267	215	50	267	267	215	50	0.834000	1
267	215	50	267	267	215	50	0.835500	1
267	215	50	267	267	215	50	0.837000	1
267	215	50	267	267	215	50	0.838500	1
267	215	50	267	267	215	50	0.840000	1
267	215	50	267	267	215	50	0.841500	1
267	215	50	267	267	215	50	0.843000	1
267	215	50	267	267	215	50	0.844500	1
267	215	50	267	267	215	50	0.846000	1
267	215	50	267	267	215	50	0.847500	1
267	215	50	267	267	215	50	0.849000	1
267	215	50	267	267	215	50	0.850500	1
267	215	50	267	267	215	50	0.852000	1
267	215	50	267	267	215	50	0.853500	1
267	215	50	267	267	215	50	0.855000	1
267	215	50	267	267	215	50	0.856500	1
267	215	50	267	267	215	50	0.858000	1
267	215	50	267	267	215	50	0.859500	1
267	215	50	267	267	215	50	0.861000	1
267	215	50	267	267	215	50	0.862500	1
267	215	50	267	267	215	50	0.864000	1
267	215	50	267	267	215	50	0.865500	1
267	215	50	267	267	215	50	0.867000	1
267	215	50	267	267	215	50	0.868500	1
267	215	50	267	267	215	50	0.870000	1
267	215	50	267	267	215	50	0.871500	1
267	215	50	267	267	215	50	0.873000	1
267	215	50	267	267	215	50	0.874500	1
267	215	50	267	267	215	50	0.876000	1
267	215	50	267	267	215	50	0.877500	1
267	215	50	267	267	215	50	0.879000	1
267	215	50	267	267	215	50	0.880500	1
267	215	50	267	267	215	50	0.882000	1
267	215	50	267	267	215	50	0.883500	1
267	215	50	267	267	215	50	0.885000	1
267	215	50	267	267	215	50	0.886500	1
267	215	50	267	267	215	50	0.888000	1
267	215	50	267	267	215	50	0.889500	1
267	215	50	267	267	215	50	0.891000	1
267	215	50	267	267	215	50	0.892500	1
267	215	50	267	267	215	50	0.894000	1
267	215	50	267	267	215	50	0.895500	1
267	215	50	267	267	215	50	0.897000	1
267	215	50	267	267	215	50	0.898500	1
267	215	50	267	267	215	50	0.900000	1
267	215	50	267	267	215	50	0.901500	1
267	215	50	267	267	215	50	0.903000	1
267	215	50	267	267	215	50	0.904500	1
267	215	50	267	267	215	50	0.906000	1
267	215	50	267	267	215	50	0.907500	1
267	215	50	267	267	215	50	0.909000	1
267	215	50	267	267	215	50	0.910500	1
267	215	50	267	267	215	50	0.912000	1
267	215	50	267	267	215	50	0.913500	1
267	215	50	267	267	215	50	0.915000	1
267	215	50	267	267	215	50	0.916500	1
267	215	50	267	267	215	50	0.918000	1
267	215	50	267	267	215	50	0.919500	1
267	215	50	267	267	215	50	0.921000	1
267	215	50	267	267	215	50	0.922500	1
267	215	50	267	267	215	50	0.924000	1
267	215	50	267	267	215	50	0.925500	1
267	215	50	267	267	215	50	0.927000	1
267	215	50	267	267	215	50	0.928500	1
267	215	50	267	267	215	50	0.930000	1
267	215	50	267	267	215	50	0.931500	1
267	215	50	267	267	215	50	0.933000	1
267	215	50	267	267	215	50	0.934500	1
267	215	50	267	267	215	50	0.936000	1
267	215	50	267	267	215	50	0.937500	1
267	215	50	267	267	215	50	0.939000	1
267	215	50	267	267	215	50	0.940500	1
267	215	50	267	267	215	50	0.942000	1
267	215	50	267	267	215	50	0.943500	1
267	215	50	267	267	215	50	0.945000	1
267	215	50	267	267	215	50	0.946500	1
267	215	50	267	267	215	50	0.948000	1
267	215	50	267	267	215	50	0.949500	1
267	215	50	267	267	215	50	0.951000	1
267	215	50	267	267	215	50	0.952500	1
267	215	50	267	267	215	50	0.954000	1
267	215	50	267	267	215	50	0.955500	1
267	215	50	267	267	215	50	0.957000	1
267	215	50	267	267	215	50	0.958500	1
267	215	50	267	267	215	50	0.960000	1
267	215	50	267	267	215	50	0.961500	1
267	215	50	267	267	215	50	0.963000	1
267	215	50	267	267	215	50	0.964500	1
267	215	50	267	267	215	50	0.966000	1
267	215	50	267	267	215	50	0.967500	1
267	215	50	267	267	215	50	0.969000	1
267	215	50	267	267	215	50	0.970500	1
267	215	50	267	267	215	50	0.972000	1
267	215	50	267	267	215	50	0.973500	1
267	215	50	267	267	215	50	0.975000	1
267	215	50	267	267	215	50	0.976500	1
267	215	50	267	267	215	50	0.978000	1
267	215	50	267	267	215	50	0.979500	1
267	215	50	267	267	215	50	0.981000	1
267	215	50	267	267	215	50	0.982500	1
267	215	50	267	267	215	50	0.984000	1
267	215	50	267	267	215	50	0.985500	1
267	215	50	267	267	215	50	0.987000	1
267	215	50	267	267	215	50	0.988500	1
267	215	50	267	267	215	50	0.990000	1
267	215	50	267	267	215	50	0.991500	1
267	215	50	267	267	215	50	0.993000	1
267	215	50	267	267	215	50	0.994500	1
267	215	50	267	267	215	50	0.996000	1
267	215	50	267	267	215	50	0.997500	1
267	215	50	267	267	215	50	0.999000	1
267	215	50	264	261	211	48	1.000500	1
267	215	50	262	257	207	48	1.002000	1
267	215	50	260	253	203	48	1.003500	1
267	215	50	259	251	201	48	1.005000	1
267	215	50	258	249	201	46	1.006500	1
267	215	50	253	239	191	46	1.008000	1
267	215	50	252	238	190	46	1.009500	1
267	215	50	250	235	187	46	1.011000	1
267	215	50	247	230	182	46	1.012500	1
267	215	50	245	227	179	46	1.014000	1
267	215	50	239	218	170	46	1.015500	1
267	215	50	237	216	168	46	1.017000	1
267	215	50	237	216	168	46	1.018500	1
267	215	50	236	214	166	46	1.020000	1
267	215	50	235	212	164	46	1.021500	1
267	215	50	232	207	161	44	1.023000	1
267	215	50	231	205	159	44	1.024500	1
267	215	50	229	201	157	42	1.026000	1
267	215	50	229	201	157	42	1.027500	1
267	215	50	228	199	155	42	1.029000	1
267	215	50	227	197	153	42	1.030500	1
267	215	50	226	196	152	42	1.032000	1
267	215	50	225	194	150	42	1.033500	1
267	215	50	223	190	146	42	1.035000	1
267	215	50	222	188	144	42	1.036500	1
267	215	50	221	187	143	42	1.038000	1
267	215	50	220	185	141	42	1.039500	1
267	215	50	219	184	140	42	1.041000	1
267	215	50	218	183	139	42	1.042500	1
267	215	50	217	181	137	42	1.044000	1
267	215	50	217	181	137	42	1.045500	1
267	215	50	216	181	137	42	1.047000	1
267	215	50	215	179	135	42	1.048500	1
267	215	50	215	179	135	42	1.050000	1
267	215	50	214	178	134	42	1.051500	1
267	215	50	214	178	134	42	1.053000	1
267	215	50	211	174	130	42	1.054500	1
267	215	50	210	172	130	40	1.056000	1
267	215	50	208	169	127	40	1.057500	1
267	215	50	208	169	127	40	1.059000	1
267	215	50	205	164	122	40	1.060500	1
267	215	50	204	163	121	40	1.062000	1
267	215	50	204	163	121	40	1.063500	1
267	215	50	203	161	119	40	1.065000	1
267	215	50	202	159	117	40	1.066500	1
267	215	50	200	155	115	38	1.068000	1
267	215	50	199	153	113	38	1.069500	1
267	215	50	197	150	110	38	1.071000	1
267	215	50	196	148	108	38	1.072500	1
267	215	50	195	146	108	36	1.074000	1
267	215	50	194	145	107	36	1.075500	1
267	215	50	193	144	106	36	1.077000	1
267	215	50	192	143	105	36	1.078500	1
267	215	50	192	143	105	36	1.080000	1
267	215	50	191	143	105	36	1.081500	1
267	215	50	189	140	102	36	1.083000	1
267	215	50	187	137	99	36	1.084500	1
267	215	50	185	136	98	36	1.086000	1
267	215	50	185	136	98	36	1.087500	1
267	215	50	184	134	96	36	1.089000	1
267	215	50	184	134	96	36	1.090500	1
267	215	50	183	133	95	36	1.092000	1
267	215	50	182	132	94	36	1.093500	1
267	215	50	182	132	94	36	1.095000	1
267	215	50	179	127	89	36	1.096500	1
267	215	50	179	127	89	36	1.098000	1
267	215	50	179	127	89	36	1.099500	1
267	215	50	179	127	89	36	1.101000	1
267	215	50	178	125	87	36	1.102500	1
267	215	50	177	125	87	36	1.104000	1
267	215	50	175	123	85	36	1.105500	1
267	215	50	171	117	79	36	1.107000	1
267	215	50	171	117	79	36	1.108500	1
267	215	50	171	117	79	36	1.110000	1
267	215	50	171	117	79	36	1.111500	1
267	215	50	169	117	79	36	1.113000	1
267	215	50	169	117	79	36	1.114500	1
267	215	50	168	116	78	36	1.116000	1
267	215	50	167	114	76	36	1.117500	1
267	215	50	167	114	76	36	1.119000	1
267	215	50	165	111	73	36	1.120500	1
267	215	50	165	111	73	36	1.122000	1
267	215	50	165	111	73	36	1.123500	1
267	215	50	165	111	73	36	1.125000	1
267	215	50	164	110	72	36	1.126500	1
267	215	50	163	108	70	36	1.128000	1
267	215	50	163	108	70	36	1.129500	1
267	215	50	162	108	70	36	1.131000	1
267	215	50	162	108	70	36	1.132500	1
267	215	50	162	108	70	36	1.134000	1
267	215	50	161	107	69	36	1.135500	1
267	215	50	161	107	69	36	1.137000	1
267	215	50	161	107	69	36	1.138500	1
267	215	50	160	105	67	36	1.140000	1
267	215	50	159	105	67	36	1.141500	1
267	215	50	159	105	67	36	1.143000	1
267	215	50	158	103	65	36	1.144500	1
267	215	50	157	102	64	36	1.146000	1
267	215	50	157	102	64	36	1.147500	1
267	215	50	157	102	64	36	1.149000	1
267	215	50	156	101	63	36	1.150500	1
267	215	50	155	99	61	36	1.152000	1
267	215	50	154	99	61	36	1.153500	1
267	215	50	153	98	60	36	1.155000	1
267	215	50	153	98	60	36	1.156500	1
267	215	50	153	98	60	36	1.158000	1
267	215	50	153	98	60	36	1.159500	1
267	215	50	153	98	60	36	1.161000	1
267	215	50	153	98	60	36	1.162500	1
267	215	50	152	97	59	36	1.164000	1
267	215	50	152	97	59	36	1.165500	1
267	215	50	152	97	59	36	1.167000	1
267	215	50	152	97	59	36	1.168500	1
267	215	50	152	97	59	36	1.170000	1
267	215	50	152	97	59	36	1.171500	1
267	215	50	152	97	59	36	1.173000	1
267	215	50	151	97	59	36	1.174500	1
267	215	50	151	97	59	36	1.176000	1
267	215	50	150	95	57	36	1.177500	1
267	215	50	150	95	57	36	1.179000	1
267	215	50	150	95	57	36	1.180500	1
267	215	50	150	95	57	36	1.182000	1
267	215	50	150	95	57	36	1.183500	1
267	215	50	150	95	57	36	1.185000	1
267	215	50	149	94	56	36	1.186500	1
267	215	50	148	93	55	36	1.188000	1
267	215	50	148	93	55	36	1.189500	1
267	215	50	148	93	55	36	1.191000	1
267	215	50	147	93	55	36	1.192500	1
267	215	50	147	93	55	36	1.194000	1
267	215	50	147	93	55	36	1.195500	1
267	215	50	147	93	55	36	1.197000	1
267	215	50	146	91	53	36	1.198500	1
267	215	50	146	91	53	36	1.200000	1
267	215	50	146	91	53	36	1.201500	1
267	215	50	146	91	53	36	1.203000	1
267	215	50	145	90	52	36	1.204500	1
267	215	50	144	88	50	36	1.206000	1
267	215	50	144	88	50	36	1.207500	1
267	215	50	143	88	50	36	1.209000	1
267	215	50	143	88	50	36	1.210500	1
267	215	50	143	88	50	36	1.212000	1
267	215	50	143	88	50	36	1.213500	1
267	215	50	142	87	49	36	1.215000	1
267	215	50	142	87	49	36	1.216500	1
267	215	50	142	87	49	36	1.218000	1
267	215	50	141	86	48	36	1.219500	1
267	215	50	139	85	47	36	1.221000	1
267	215	50	137	82	44	36	1.222500	1
267	215	50	136	81	43	36	1.224000	1
267	215	50	136	81	43	36	1.225500	1
267	215	50	136	81	43	36	1.227000	1
267	215	50	135	80	42	36	1.228500	1
267	215	50	134	79	41	36	1.230000	1
267	215	50	133	78	40	36	1.231500	1
267	215	50	132	76	40	34	1.233000	1
267	215	50	131	74	38	34	1.234500	1
267	215	50	131	74	38	34	1.236000	1
267	215	50	131	74	38	34	1.237500	1
267	215	50	131	74	38	34	1.239000	1
267	215	50	131	74	38	34	1.240500	1
267	215	50	131	74	38	34	1.242000	1
267	215	50	131	74	38	34	1.243500	1
267	215	50	131	74	38	34	1.245000	1
267	215	50	131	74	38	34	1.246500	1
267	215	50	131	74	38	34	1.248000	1
267	215	50	131	74	38	34	1.249500	1
267	215	50	131	74	38	34	1.251000	1
267	215	50	131	74	38	34	1.252500	1
267	215	50	131	74	38	34	1.254000	1
267	215	50	131	74	38	34	1.255500	1
267	215	50	131	74	38	34	1.257000	1
267	215	50	131	74	38	34	1.258500	1
267	215	50	131	74	38	34	1.260000	1
267	215	50	131	74	38	34	1.261500	1
267	215	50	131	74	38	34	1.263000	1
267	215	50	131	74	38	34	1.264500	1
267	215	50	131	74	38	34	1.266000	1
267	215	50	131	74	38	34	1.267500	1
267	215	50	130	72	36	34	1.269000	1
267	215	50	129	71	35	34	1.270500	1
267	215	50	129	71	35	34	1.272000	1
267	215	50	129	71	35	34	1.273500	1
267	215	50	129	71	35	34	1.275000	1
267	215	50	128	69	33	34	1.276500	1
267	215	50	128	69	33	34	1.278000	1
267	215	50	128	69	33	34	1.279500	1
267	215	50	127	67	31	34	1.281000	1
267	215	50	127	67	31	34	1.282500	1
267	215	50	127	67	31	34	1.284000	1
267	215	50	127	67	31	34	1.285500	1
267	215	50	127	67	31	34	1.287000	1
267	215	50	126	65	29	34	1.288500	1
267	215	50	126	65	29	34	1.290000	1
267	215	50	126	65	29	34	1.291500	1
267	215	50	126	65	29	34	1.293000	1
267	215	50	125	64	28	34	1.294500	1
267	215	50	125	64	28	34	1.296000	1
267	215	50	125	64	28	34	1.297500	1
267	215	50	125	64	28	34	1.299000	1
267	215	50	124	63	27	34	1.300500	1
267	215	50	124	63	27	34	1.302000	1
267	215	50	124	63	27	34	1.303500	1
267	215	50	124	63	27	34	1.305000	1
267	215	50	123	63	27	34	1.306500	1
267	215	50	123	63	27	34	1.308000	1
267	215	50	123	63	27	34	1.309500	1
267	215	50	123	63	27	34	1.311000	1
267	215	50	123	63	27	34	1.312500	1
267	215	50	123	63	27	34	1.314000	1
267	215	50	122	62	26	34	1.315500	1
267	215	50	122	62	26	34	1.317000	1
267	215	50	122	62	26	34	1.318500	1
267	215	50	122	62	26	34	1.320000	1
267	215	50	122	62	26	34	1.321500	1
267	215	50	121	61	25	34	1.323000	1
267	215	50	121	61	25	34	1.324500	1
267	215	50	121	61	25	34	1.326000	1
267	215	50	120	61	25	34	1.327500	1
267	215	50	119	60	24	34	1.329000	1
267	215	50	119	60	24	34	1.330500	1
267	215	50	119	60	24	34	1.332000	1
267	215	50	119	60	24	34	1.333500	1
267	215	50	119	60	24	34	1.335000	1
267	215	50	119	60	24	34	1.336500	1
267	215	50	119	60	24	34	1.338000	1
267	215	50	119	60	24	34	1.339500	1
267	215	50	119	60	24	34	1.341000	1
267	215	50	118	59	23	34	1.342500	1
267	215	50	118	59	23	34	1.344000	1
267	215	50	118	59	23	34	1.345500	1
267	215	50	118	59	23	34	1.347000	1
267	215	50	117	58	22	34	1.348500	1
267	215	50	116	58	22	34	1.350000	1
267	215	50	116	58	22	34	1.351500	1
267	215	50	116	58	22	34	1.353000	1
267	215	50	115	58	22	34	1.354500	1
267	215	50	115	58	22	34	1.356000	1
267	215	50	114	56	20	34	1.357500	1
267	215	50	114	56	20	34	1.359000	1
267	215	50	114	56	20	34	1.360500	1
267	215	50	114	56	20	34	1.362000	1
267	215	50	114	56	20	34	1.363500	1
267	215	50	114	56	20	34	1.365000	1
267	215	50	114	56	20	34	1.366500	1
267	215	50	114	56	20	34	1.368000	1
267	215	50	114	56	20	34	1.369500	1
267	215	50	114	56	20	34	1.371000	1
267	215	50	114	56	20	34	1.372500	1
267	215	50	114	56	20	34	1.374000	1
267	215	50	114	56	20	34	1.375500	1
267	215	50	113	55	19	34	1.377000	1
267	215	50	113	55	19	34	1.378500	1
267	215	50	113	55	19	34	1.380000	1
267	215	50	113	55	19	34	1.381500	1
267	215	50	113	55	19	34	1.383000	1
267	215	50	113	55	19	34	1.384500	1
267	215	50	112	55	19	34	1.386000	1
267	215	50	111	55	19	34	1.387500	1
267	215	50	111	55	19	34	1.389000	1
267	215	50	111	55	19	34	1.390500	1
267	215	50	111	55	19	34	1.392000	1
267	215	50	111	55	19	34	1.393500	1
267	215	50	111	55	19	34	1.395000	1
267	215	50	111	55	19	34	1.396500	1
267	215	50	111	55	19	34	1.398000	1
267	215	50	110	53	19	32	1.399500	1
267	215	50	110	53	19	32	1.401000	1
267	215	50	110	53	19	32	1.402500	1
267	215	50	110	53	19	32	1.404000	1
267	215	50	110	53	19	32	1.405500	1
267	215	50	110	53	19	32	1.407000	1
267	215	50	110	53	19	32	1.408500	1
267	215	50	110	53	19	32	1.410000	1
267	215	50	110	53	19	32	1.411500	1
267	215	50	110	53	19	32	1.413000	1
267	215	50	110	53	19	32	1.414500	1
267	215	50	110	53	19	32	1.416000	1
267	215	50	110	53	19	32	1.417500	1
267	215	50	110	53	19	32	1.419000	1
267	215	50	110	53	19	32	1.420500	1
267	215	50	110	53	19	32	1.422000	1
267	215	50	110	53	19	32	1.423500	1
267	215	50	110	53	19	32	1.425000	1
267	215	50	110	53	19	32	1.426500	1
267	215	50	109	53	19	32	1.428000	1
267	215	50	109	53	19	32	1.429500	1
267	215	50	109	53	19	32	1.431000	1
267	215	50	109	53	19	32	1.432500	1
267	215	50	109	53	19	32	1.434000	1
267	215	50	109	53	19	32	1.435500	1
267	215	50	109	53	19	32	1.437000	1
267	215	50	109	53	19	32	1.438500	1
267	215	50	109	53	19	32	1.440000	1
267	215	50	109	53	19	32	1.441500	1
267	215	50	109	53	19	32	1.443000	1
267	215	50	109	53	19	32	1.444500	1
267	215	50	109	53	19	32	1.446000	1
267	215	50	109	53	19	32	1.447500	1
267	215	50	108	52	18	32	1.449000	1
267	215	50	108	52	18	32	1.450500	1
267	215	50	108	52	18	32	1.452000	1
267	215	50	108	52	18	32	1.453500	1
267	215	50	108	52	18	32	1.455000	1
267	215	50	108	52	18	32	1.456500	1
267	215	50	108	52	18	32	1.458000	1
267	215	50	108	52	18	32	1.459500	1
267	215	50	108	52	18	32	1.461000	1
267	215	50	108	52	18	32	1.462500	1
267	215	50	108	52	18	32	1.464000	1
267	215	50	108	52	18	32	1.465500	1
267	215	50	108	52	18	32	1.467000	1
267	215	50	108	52	18	32	1.468500	1
267	215	50	108	52	18	32	1.470000	1
267	215	50	108	52	18	32	1.471500	1
267	215	50	108	52	18	32	1.473000	1
267	215	50	108	52	18	32	1.474500	1
267	215	50	107	52	18	32	1.476000	1
267	215	50	107	52	18	32	1.477500	1
267	215	50	107	52	18	32	1.479000	1
267	215	50	107	52	18	32	1.480500	1
267	215	50	106	52	18	32	1.482000	1
267	215	50	106	52	18	32	1.483500	1
267	215	50	105	51	17	32	1.485000	1
267	215	50	105	51	17	32	1.486500	1
267	215	50	105	51	17	32	1.488000	1
267	215	50	105	51	17	32	1.489500	1
267	215	50	105	51	17	32	1.491000	1
267	215	50	105	51	17	32	1.492500	1
267	215	50	105	51	17	32	1.494000	1
267	215	50	105	51	17	32	1.495500	1
267	215	50	105	51	17	32	1.497000	1
267	215	50	105	51	17	32	1.498500	1
267	215	50	105	51	17	32	1.500000	1
